6645294.912337725
6606308.372176304
6302428.9660384655
6156057.285341161
6152051.625245281
5965753.298105456
5897965.295649358
5889570.472361663
5814416.275010104
5784724.7883332735
5735446.0208997205
5711830.914506494
5707819.021183293
5680050.541400314
5671793.879326552
5642684.348268967
5584285.950755708
5512489.246870737
5509879.932580264
5400368.773672219
5361083.264970244
5316857.048415854
5250229.567730338
5211464.484783371
5192847.961946407
5186481.305433459
5149433.031986604
5100321.287751805
4962679.404157379
4946512.661524983
4925357.199832597
4834587.158145773
4832716.493689429
4810725.538408212
4770599.358860159
4720717.907138963
4631909.953533287
4610468.236460005
4413729.401681776
4289350.304964168
4035297.72806157
3864462.68447114
3858184.953802918
3826438.578681932
3820993.608203448
3808981.926642839
3799676.2122264435
3766398.097860066
3592543.8352656723
3550383.7944961726
3489663.888737266
3375808.9535432016
3307211.382992156
3208964.063626667
3203294.1380935004
3187070.723000645
3168205.644694403
3165386.223898194
3123441.613988684
3061727.71597052
2953223.782549721
2784440.5501529155
2719892.041967602
2658672.1850319197
2554689.3823770094
2540677.3906824253
2435883.4265215825
2404406.447768022
2260174.786006775
2190002.8947705077
2122445.003432158
2100546.8922035797
2081624.321695946
2030429.7811946087
1901255.4483944955
1740151.9374272304
1720484.3679393427
1648285.706665036
1482177.6513251085
1454247.5107445132
1427180.840084518
1415794.38409147
1411802.257596743
1310426.4494692795
1212821.3081939123
1192252.5839549964
1164602.542421213
1146106.6499833153
1126197.7671676886
1113215.640394102
1093741.268509462
1089806.8700655585
1080417.5321284782
1069211.1497900195
1031019.6358867119
926223.9525500181
923575.3483080376
880572.1218277402
816659.0128908281
809485.3493554285
680497.1467472821
661641.0680493345
622026.8307813039
601965.4876100691
551163.260251426
537174.7416767158
496256.2320588367
448871.9500811831
390540.39956413954
383401.6145236137
381393.8733106743
357926.9165447298
353962.2372723226
289629.42040910485
278170.2564446432
272587.49114970985
272381.883608957
263560.5953731137
238912.28125017
217898.89199883034
210911.62845350133
197915.24280554737
177520.1092593125
176361.40979386427
173047.5226979376
143854.79512238177
126986.20550445697
126757.86985393558
117704.41959699205
111563.60148494477
89068.53064554208
80723.01927495199
55785.42760330748
54427.79925337502
53180.75982733051
48986.045583586776
43480.56782521197
43389.32088198047
42363.76217122032
36284.53850897289
32228.071538058386
31505.24500486344
29058.684640212137
26742.013087596977
26365.430510185517
25252.919361260247
22989.932711493573
22919.137084887156
21691.471720315767
19862.59673052256
16729.115196711995
12757.122879675913
11451.228656663652
9785.365849867447
9424.040505779367
8240.6274520496
8021.82374478239
7201.621639953712
6527.506906328541
6395.474003851814
5267.454680395646
5241.89289040001
5148.1237152509275
4804.6838140048585
4549.3857658767565
4430.005614789734
4224.372548731154
3985.178202431949
3802.665179791964
3652.5912544106413
3533.2724294270133
3533.2487029093554
3463.3156066364813
3174.4633790028474
3080.696008925417
3080.6751380512037
3080.6732792071352
2862.763813822944
2862.741146186172
2772.14232804042
2772.0768240833354
2033.075437847794
602.5443166137748
551.8862460503648
551.8467044189159
483.20567886148774
483.1559669841248
213.68003790283103
213.6750945915775
213.65049730763343
119.91845954865242
119.91436819018799
119.91436686115561
119.91326335978549
119.91068958140691
119.90258035156823
119.90195763842651
119.89748793717733
119.89627830550266
119.89284289115845
119.89233781588042
119.88807474409359
119.88744870825012
119.88483332029816
119.87511795622878
119.87298142386213
119.86857849697039
119.86535539722512
119.85988152953921
94.3428033794257
94.33584882084624
94.32843840614356
94.31642233063988
94.3154004430129
94.30867860045647
94.30650549933773
94.3032419309919
94.30186616694618
94.30152866393267
94.30057072000986
94.29933810930092
94.29242849154022
94.2871236790448
94.24204940099595
0.5981416943297452
0.5922638624771307
0.5866651423522469
0.5851434034556393
0.58477347227304
0.5829564434246124
0.5823445217416359
0.581491597539612
0.5777068827227936
0.5681449840883361
0.565142885370868
0.5649907247096265
0.5646433930888547
0.564589881526441
0.5640879509669304
0.5639994385841471
0.5635740157126956
0.563076133200587
0.5623493768522738
0.5614416021940465
0.5614198735294599
0.5613882419331623
0.5603770988281854
0.5594482991818346
0.5590802695721532
0.5588780188368013
0.5586453516331826
0.5584872060989255
0.5583595128667794
0.5580654456503527
0.5579782835157086
0.5577169488005874
0.5573521935681768
0.5570958961139969
0.5569292531339153
0.55687776356246
0.5567857713697154
0.5566221401170399
0.5559902821963204
0.5558724883829429
0.5554320752816395
0.5552253237694212
0.5549783518256604
0.5546832597282985
0.5545640273206198
0.554488822179873
0.5541363811602421
0.5522309269341596
0.5519177715960398
0.5519087944940082
0.5515738530686265
0.5510115318597737
0.5509890410864704
0.5508103864136182
0.5503112405069105
0.550082926222336
0.5499256461638744
0.5498189784585049
0.5497086933620887
0.5492559320812631
0.5491912135177153
0.5491411837567185
0.549088522884917
0.5490173755715205
0.5490030990854926
0.5487720784957569
0.5412412508932251
0.5412238584270179
0.54103522522709
0.5408146197658446
0.540792907408522
0.5406814212492894
0.5406155414399151
0.5405171506461679
0.5403206496302877
0.5402153695844757
0.5400543867185035
0.5397972580327797
0.5396966830208105
0.5396691533407897
0.5393001411565373
0.5391713102804717
0.5389771187475281
0.5388535917423871
0.5388470343854864
0.5387463459250716
0.5386315750851431
0.5386185808316282
0.5384287336930765
0.5382098736772898
0.5381787097602979
0.5381066220534392
0.5380778819476394
0.5379666440799781
0.5378524935905267
0.5377291190617188
0.5375826681371296
0.5371597526108973
0.5370008236280963
0.5368955633316874
0.536839457211482
0.5367137859564391
0.5364802794444361
0.5364413213984098
0.5364150432472524
0.5363956228570466
0.5363899548320308
0.5362305932984913
0.5328709277600243
0.5327530185481638
0.5327444641221893
0.5326232701189668
0.532605937552015
0.5325032340423865
0.5323591334219172
0.5321303091240894
0.53205981246163
0.5320038797717522
0.5290171154599836
0.5288777710455784
0.5288180374077834
0.5288145837657591
0.528530063628341
0.5284274246936869
0.5213524725436713
0.5213324940528428
0.521311630240843
0.5211424727516215
0.5210030994314646
0.520979478294972
0.5206678681268272
0.5201246806098752
0.519978867985788
0.519895300741956
0.5198925524772735
0.5196195930492425
0.5194916604315807
0.5194714364838313
0.5194586593770086
0.5194154355416577
0.5191354550335603
0.5190549345365765
0.5188865852102962
0.5188365148389686
0.5187526335831538
0.5187166391415982
0.5185336837030449
0.5182413856767728
0.5180776440756765
0.5179714269425558
0.517600809399969
0.5175755458951254
0.517338028662676
0.5170457793599256
0.5169599364111207
0.5169524422020056
0.5161756494805051
0.5160856596684139
0.5159275051998974
0.5158855246506885
0.5157227081876357
0.5156160503439697
0.5155139075913394
0.5154796247337463
0.5153921973651063
0.51537769388624
0.5153380079471314
0.5147693477727687
0.5146086638310032
0.5143386986934
0.5143341919826231
0.5142605277122148
0.5141435009587311
0.5141106895980542
0.5139713514316463
0.5138674270579496
0.5136637202877096
0.5134835433760633
0.5134256761277861
0.5129319988157603
0.5125767400892978
0.5123159482339696
0.5117644103821022
0.5117300251677925
0.5117073292109042
0.5116251510912613
0.5115571914533739
0.5113690266785363
0.5109214991994646
0.510636123963356
0.510487371997515
0.510485751688546
0.5104181007250219
0.5094599573435559
0.5093157274717287
0.5092190274050231
0.5091666290564814
0.5091031401979406
0.5089117488851671
0.5086038372216861
0.508269812236092
0.5080645871540368
0.5077315269289834
0.5076301310027097
0.5076238028246829
0.5074708605266969
0.5069520112240103
0.5067751963449164
0.5067199717814319
0.5054653639123915
0.5053810199563857
0.5053669793439594
0.5052268719211471
0.5051706859735046
0.5046566258194817
0.5044682061703869
0.5044654471863108
0.5044514640384856
0.5041503298938076
0.5041253527556852
0.5039780835721336
0.5037609201652824
0.5036625537825211
0.5032460547949451
0.5028364760930871
0.502599249418751
0.5025368884339678
0.5022731080556052
0.5021907341302022
0.5012990957618734
0.5008718216324342
0.5006075486812136
0.5005215916750702
0.5004785870887674
0.49960426792896695
0.49904759737454785
0.4988959082246302
0.49848760443842965
0.49840121536590576
0.49768288718782694
0.4969983304157121
0.4969981792248711
0.49635596316593206
0.49618789301441496
0.49585583274840894
0.495455521526895
0.49507267157639107
0.4945046101324601
0.49410242685827377
0.49374588669899167
0.493624334482189
0.4932962783949832
0.49320025739198986
0.49315849002022144
0.4924620632172709
0.4924272430042756
0.49222972279244176
0.4918270693290085
0.49120637991810145
0.49120237868520583
0.49105653224737894
0.4904561011521199
0.4900985141795435
0.4899832601024907
0.48939206245054967
0.489297532057688
0.48887645420841214
0.4873465668958017
0.48718807488946186
0.48651286310053
0.48557894740304663
0.48514041030194627
0.4835155598244276
0.48213956576876116
0.4796338596166223
0.4788570057532329
0.47713907053102816
0.47639582970495986
0.47611389040929475
0.47428333625846686
0.47238358850512996
0.47160141939514644
0.4693544368318143
0.46889305758944566
0.4688084453552031
0.46789456197537393
0.46550884404535037
0.4625894588274777
0.46138275339821905
0.45862194201725487
0.45400720658689514
0.4536521949908317
0.4511187093590724
0.4468053360207938
0.44585577627450934
0.4450962802049398
0.4419525572602981
0.4419118734091264
0.43274067290231544
0.43170966269425504
0.4286951102458288
0.4277270264807536
0.42323158829439306
0.42213100177677215
0.42055057069300905
0.41854277514144234
0.4162780722689878
0.4093521687660181
0.40718849118651107
0.3882641529882661
0.37839154106880635
0.37705772365961565
0.3742424196215161
0.37336227657139415
0.37243849398022333
0.37209273720880875
0.35814292842269996
0.3562701905443892
0.3554618920123574
0.35161526905029644
0.35033104997155023
0.3485305900472302
0.34807732655330836
0.3471627816651012
0.3465065137911923
0.3444953291415047
0.34149499552055096
0.33444155744455767
0.328387234613418
0.3271114039162456
0.3270147893522486
0.3207790244709099
0.3194954761528957
0.3165057706181736
0.3127261068094289
0.30936895575239254
0.307709415466068
0.3032229921794654
0.3017041958886337
0.2980228517591566
0.29588012946406056
0.2939038855983378
0.29322287222697824
0.29255374354638813
0.2863201250717292
0.28573609962223834
0.2811851646015226
0.27673649756519053
0.27122994679689366
0.27022735410712806
0.27019225014160003
0.2695696260770016
0.2668042094603076
0.25658293677654054
0.2551305490066969
0.25043222178353364
0.24947083499041253
0.24909049775110415
0.24861479450320545
0.24794247224087954
0.24674708224089548
0.24150124195151204
0.23936239152246958
0.23544137642391239
0.23535688693196807
0.18328682688282655
0.18320979626404535
0.18289373866180633
0.1819257361625065
0.17767080431202292
0.17706503669971502
0.17399141024303733
0.17349426695125447
0.17250234725411334
0.17249855871452144
0.17121353833255815
0.17098536597266933
0.1695965970645113
0.16932719222649023
0.16799499364646017
0.16730008789373796
0.1669694886137472
0.1621450002036123
0.16120556779647074
0.1604238804171681
0.15955128738068844
0.15859506426963782
0.1581225179121743
0.15768946067729772
0.1570776543651719
0.15657259460310624
0.15643415874369496
0.15561073614763415
0.15514301805038633
0.15466250510229224
0.15427603816098823
0.15348040697994247
0.15327004818567264
0.15311145344920243
0.15293885060093987
0.15223385115775104
0.1520828370409739
0.15203415003233542
0.15197699734559184
0.1519368067870721
0.15184125263355544
0.15178674552394675
0.15162142116261573
0.15147002725696337
0.15126058667189915
0.15112589310416413
0.15101969696514692
0.1508938994549643
0.15058226282979145
0.15052531817568496
0.1504473293786563
0.15032369062544929
0.15017720451702238
0.14995581838866867
0.14960189090791037
0.14957024048885176
0.14953435415353952
0.1495310680344807
0.1492148161744029
0.14910907803357853
0.14904404379760106
0.1487592899210185
0.1487257448172613
0.14869329388330282
0.14863699559359966
0.14861172529848646
0.1485921537173961
0.14846526025332946
0.14832296486433014
0.14830439115392632
0.14818633737585035
0.148043432673335
0.14804019307879424
0.1479625047134225
0.14795845396862084
0.14780891404563037
0.14771282766767604
0.14770207306352273
0.14764720411653265
0.14764571447450434
0.14763431690815737
0.14760839705388404
0.14758486548122732
0.14755586361277964
0.1474758053183581
0.14744632230009902
0.1474417537280126
0.14738590829169884
0.14737324946006486
0.1470566712091979
0.14704093483051778
0.1470322486864987
0.14700616843051473
0.14697948530584962
0.1469793613879908
0.14686769359783042
0.14686374169688324
0.1468606589497125
0.14685238945183343
0.14685237765474266
0.14685235542974262
0.14685179753660577
0.14685177088596807
0.14685031155955877
0.14684734318746528
0.14680256367126487

