3940972.4755349373
3900069.303199471
2839258.817487399
2734925.4871832966
2647071.783619792
2633064.500075061
2603644.4805482365
2594922.5910059926
2206528.3451890578
2189255.829768644
2180277.857698702
2004626.2189949567
1939955.6415132827
1869381.6238163505
1866808.304961911
1835570.8785924981
1789403.9207754454
1394307.8985570886
1384096.9299522527
1377250.2051378435
1372673.9694194915
1354419.003334571
1317826.2321132014
1306430.0305210403
1263525.8630340854
1236932.0823587524
1019545.9189697021
977742.9859408188
787055.4206900294
776174.0196283417
650923.7869261658
629554.9027220048
599463.2476393046
576800.8775198389
554482.0211018479
518199.5638191052
493736.3715318182
419044.35242296883
375652.10005704116
373455.67787984875
354548.1637473994
215006.96188000572
197473.4258581043
175152.42819651615
163685.28295588453
154909.9304078449
136233.01662127362
130570.45208275145
116510.4364757014
114660.50002582812
108706.63662158571
104859.94486355038
98769.4815747248
79368.63190406466
77298.10061159714
58680.84160939456
58126.00735665369
55114.89020465686
46457.040986894666
40935.09233273218
35083.32841758518
32393.411268109987
27440.486706348427
26966.19732654933
26801.01386033549
12714.607023428434
12714.60056521725
12240.306523788222
12240.29344485369
11848.681050120022
11848.642050514158
11848.589228486791
11374.39873527398
475.01097831857584
474.97710930919936
474.962769895937
474.96216505562245
474.95364379221644
474.8997559497929
474.89542464187895
474.8942943774132
474.89197711627946
474.8853898977927
474.84394078415755
474.81108065995136
0.6985592453930198
0.6882138084360256
0.6834319364188559
0.6795202228669828
0.6779473735653077
0.6697088117180433
0.6605360920882253
0.6597470893290808
0.6594069081580141
0.6516678314522939
0.650046806206609
0.6450154125435915
0.6445367128536365
0.6403343745695657
0.6398898017616671
0.6386162895628634
0.6384370615319189
0.6374583305164204
0.6366550821516631
0.6366109667922321
0.6364685197447627
0.635716014950929
0.6355262756342887
0.6353146802848274
0.6349593331705266
0.6347079107091023
0.6346826114109405
0.6346052640089695
0.6341685768903946
0.6337692352996644
0.6335079402525285
0.6331407216154581
0.6329460712775757
0.6329374116686072
0.6326871851519524
0.6319459499549854
0.6318601083051868
0.630283662432028
0.6294184879952495
0.6288699450091726
0.6283555675998459
0.6278675961996887
0.6277720478605873
0.6273022712778572
0.6270371325293504
0.6262881455637821
0.6261712859912223
0.6260524618799426
0.6259427660915319
0.6256370556343265
0.625601284406771
0.6253676183000808
0.6253295918768149
0.6249573181653847
0.6249237694455555
0.6248913436209185
0.6248163970299714
0.6247984906505777
0.622313119897311
0.622280962381954
0.6222081185789551
0.6216886040318857
0.6216507271389349
0.6214666013583277
0.6213806613324856
0.6212587303755083
0.6210482115824074
0.6209173092408905
0.6206546697719987
0.6203983600123646
0.620196752711532
0.6176761100213224
0.6158792382061022
0.6157941033845213
0.6157485486002268
0.6156772637226405
0.615393237540707
0.6152936430537285
0.6151787769626361
0.6145993498063341
0.6145453704878874
0.6144779420329401
0.6140958478244567
0.6136743148141727
0.6130716496731142
0.6129797919142163
0.6129790718703134
0.6128706241704176
0.6128054206002204
0.6128015244758249
0.6126501562566954
0.6126422499817442
0.6124852758578976
0.6124849890764874
0.6121405866260267
0.6115176671788202
0.6113920811992918
0.6109568249343167
0.6108526134471736
0.6104830403578068
0.6104781286728482
0.6104039565400665
0.6103818872752844
0.6103333179632736
0.6100513256974315
0.6099361480929602
0.6092649483546339
0.6087976723786233
0.6087637330841443
0.6085625510309273
0.6084821996947812
0.6083864873568847
0.6080989263168008
0.6079646286925847
0.6076068009344017
0.6075456153670842
0.6072428524959299
0.6071979042277375
0.6070232705225301
0.6069986892718321
0.6068995625974145
0.6066631941536357
0.6066144029582307
0.6065191263574947
0.6061253382477552
0.6060575706960648
0.6057672602076322
0.605294943424272
0.6052346297514136
0.6050508988587221
0.6049128362232208
0.6046183490775247
0.6045010452384441
0.6044534585590857
0.6044426305226186
0.6043687201737805
0.6040850182080869
0.6035074047007684
0.603313882069022
0.6026554947053623
0.5903667718130277
0.5901884572611266
0.590113497453787
0.5901002519244885
0.5899319127032318
0.589877356287624
0.5897393096334428
0.589641025281062
0.5891435500821849
0.5886777146923547
0.5883916084502383
0.5880414704724904
0.5880325171722344
0.5878764629160287
0.5876158797549306
0.5876131217327798
0.5875501446538661
0.5874636870323017
0.5873770759568537
0.5872443638567004
0.5870683008462576
0.5870355858831279
0.5868554393780461
0.586565381436067
0.5864307900652082
0.5860164907318542
0.5847241636659718
0.5844274543996484
0.5842696572634138
0.578802429353883
0.5785818110276671
0.5783149407112808
0.5782288513241974
0.5781763989679594
0.5781392251070525
0.5778337683403924
0.5777811751388507
0.5776333725792082
0.5773017365477896
0.5770596748826894
0.5767529921648453
0.5755904853531947
0.5748834995100763
0.5746576134859638
0.5746051516740871
0.5738870347575168
0.5738637043510021
0.5736671973154444
0.5730284480537896
0.5728756000969506
0.5726802972344995
0.5722724452860084
0.5721920262813931
0.5721906755546945
0.5719005896326428
0.5717835784342266
0.5714101662332798
0.5713496687476198
0.5713414591040945
0.5710617382575396
0.5708536836272456
0.5707480637391313
0.5705197875383613
0.5704699088942202
0.5703959054776873
0.5703703285617768
0.5702650607037396
0.5702616007200119
0.5695802716994319
0.569369624114094
0.569247349254587
0.5692205784399198
0.5690392879890452
0.5686524956617725
0.568602486512699
0.568314236229769
0.5673571771041148
0.5672702541425891
0.5671534966015204
0.567082144589057
0.5664680862030855
0.5661265676327153
0.5661012198192357
0.5655793373731859
0.5653675090040621
0.5648249516034898
0.5646369594490492
0.5644832525382012
0.5640400287821401
0.5631923309985495
0.5628237824833354
0.562397686888752
0.5620900993179446
0.5619195216605897
0.5618937555125086
0.5618227533770812
0.5609313402095895
0.5607539309525365
0.560591956831722
0.5605091129795131
0.5600794895617657
0.5598215219690112
0.5592729949858803
0.5592686409329601
0.5590906330122638
0.5585690869019703
0.5583073873449134
0.5582863656585333
0.5580216806910907
0.5579802564424269
0.5579651636051427
0.5578911133506045
0.5577603166311949
0.5577217243390267
0.5570092067483581
0.5566512994693932
0.5565546799943442
0.5563003393104237
0.5553652494680158
0.5481229572240257
0.5470708436453512
0.5454123257089655
0.5446424790247496
0.5439463227664575
0.5435890474421257
0.543573931932332
0.5432803146350224
0.5389486579883126
0.53869467746477
0.5384322669861589
0.53793407511626
0.5372514737850923
0.5369579920785524
0.5361359202055942
0.5359704682395857
0.5357631448104698
0.5357582706872367
0.5357283325848017
0.5346988999147739
0.5346253517723836
0.5343998663873071
0.5340661910507829
0.5338878280019329
0.5335932713485321
0.5328601499040106
0.5324443845470782
0.5322867106182545
0.5321446120368696
0.5316079255033516
0.5312448268951763
0.5303486074420259
0.5298673277363904
0.5284220133564622
0.5276848910589937
0.5268178548811456
0.5266040832516878
0.5263704687932598
0.5263042716163161
0.525396612301958
0.5247364617413373
0.5243012870963486
0.5230776161733688
0.5224099099430966
0.5211682087592248
0.5209479510357828
0.5199644162783961
0.5198567134531272
0.5197704399208976
0.5194993721021628
0.51906806178585
0.5186031320779081
0.5185472614336646
0.5179193144504287
0.5165434968141758
0.5161052327981267
0.5150880517740621
0.5146194576984747
0.51380513765117
0.513443346359321
0.512254906177275
0.5121354804610687
0.5116356553554435
0.5109813676154639
0.5098741593288162
0.5096071279273693
0.509003908306348
0.5078056951322127
0.4119117144505473
0.40716505053503493
0.406410442621405
0.404408002516169
0.40427514426157324
0.3959207248571278
0.39521001409425205
0.3901646789682607
0.3747157748010735
0.37379070154218696
0.3723521937166114
0.3642060772330323
0.35771613732440916
0.34515654430618203
0.34014402834438445
0.2614758425701386
0.2598328861976888
0.259038588644735
0.25025639450096804
0.24964200836019415
0.24653010610426782
0.24635780130338553
0.24129895814520938
0.23959578470674273
