 3305585.454990047
 2633064.500075061
 2189255.829768644
 2647071.783619792
 2180277.857698702
 3900069.303199471
 3940972.4755349373
 1939955.6415132827
 3411342.476896487
 2839258.817487399
 2492236.7809125944
 3377125.765619666
 3346594.2132750843
 2603644.4805482365
 3593808.2933321362
 2477568.2548592836
 2330743.0857925145
 2264835.1883262163
 2206528.3451890578
 2228019.927729953
 3138825.475977189
 1587608.044502894
 2472104.1935314056
 1473133.0954076806
 1835570.8785924981
 3208136.759069002
 2392347.6558892233
 2594922.5910059926
 1416961.8230599593
 2548938.396955438
 2004626.2189949567
 2516546.0680488506
 1866808.304961911
 2211635.169398078
 1601077.5512923368
 1789403.9207754454
 1384096.9299522527
 1394307.8985570886
 1306430.0305210403
 1557942.7082386022
 2734925.4871832966
 1869381.6238163505
 1783287.2208606512
 1679428.078515617
 2234456.835066096
 977742.9859408188
 1437705.4173993885
 1409608.7335392316
 1407605.5929124255
 1425372.7910608356
 1372673.9694194915
 419044.35242296883
 1317826.2321132014
 650923.7869261658
 1354419.003334571
 576800.8775198389
 1263525.8630340854
 776174.0196283417
 1377250.2051378435
 1019545.9189697021
 518199.5638191052
 1236932.0823587524
 599463.2476393046
 787055.4206900294
 373455.67787984875
 493736.3715318182
 224348.75695317416
 330797.85930826695
 629554.9027220048
 221495.37640017617
 77298.10061159714
 242686.55207227537
 114660.50002582812
 287236.0143558319
 354548.1637473994
 136233.01662127362
 116510.4364757014
 35083.32841758518
 197473.4258581043
 175152.42819651615
 215006.96188000572
 352292.72624290496
 79368.63190406466
 554482.0211018479
 375652.10005704116
 163685.28295588453
 346756.3858858957
 154909.9304078449
 474.90695101091114
 11374.37364756983
 130570.45208275145
 98769.4815747248
 104859.94486355038
 40935.09233273218
 55114.89020465686
 0.5736671973154444
 11374.305196925892
 58680.84160939456
 0.6069986892718321
 46457.040986894666
 58126.00735665369
 108706.63662158571
 0.58223546103472
 26966.19732654933
 32393.411268109987
 11848.589228486791
 0.5121354804610687
 11374.342255426025
 0.6060575706960648
 27440.486706348427
 0.6253676183000808
 474.87693992035895
 12714.607023428434
 0.6834319364188559
 0.5907975029421384
 0.5357631448104698
 0.5878764629160287
 0.5655793373731859
 0.5224099099430966
 12714.60056521725
 0.5321446120368696
 12240.29344485369
 11848.642050514158
 0.5598215219690112
 0.593271563967221
 0.5540631238605463
 474.8997559497929
 0.5781392251070525
 11848.681050120022
 0.5947391725303001
 0.5489881942745846
 0.5870355858831279
 26801.01386033549
 0.5470708436453512
 0.6346826114109405
 0.5600794895617657
 0.6124849890764874
 0.6260524618799426
 11374.39873527398
 0.5284220133564622
 0.6084821996947812
 0.6398898017616671
 12240.306523788222
 0.6024870621193842
 0.5507873540474567
 0.6151787769626361
 0.6103333179632736
 474.8396584542474
 11374.39630521979
 474.87335846636546
 474.8723027461445
 0.5738870347575168
 0.6366550821516631
 474.97710930919936
 0.5247364617413373
 474.908824085133
 0.5389486579883126
 0.581550107454138
 0.6210482115824074
 0.6181359272002391
 474.96216505562245
 0.6409387097875449
 0.6319459499549854
 474.82964182166614
 0.5721906755546945
 474.95364379221644
 474.90024096903505
 0.6261712859912223
 0.5664680862030855
 0.593432120258113
 0.6178121921887684
 474.83142751971707
 0.5551567431022643
 0.5785818110276671
 0.5868554393780461
 0.6065191263574947
 474.8428753785287
 474.8207400106506
 474.9534176069721
 474.8425398331565
 0.5620900993179446
 474.85841449775324
 0.650046806206609
 474.85408932675585
 0.5936186530804071
 0.620196752711532
 0.5782288513241974
 0.5644832525382012
 474.8529583024299
 474.85152598424173
 474.861369320984
 0.5710617382575396
 0.6941518600650493
 0.6535124766891945
 474.9197140779843
 474.84394078415755
 474.84723213685555
 0.6571301819601024
 474.8411431637104
 474.94746207233067
 0.6605360920882253
 0.5793640878069245
 0.6115176671788202
 474.88439215248576
 0.6129797919142163
 0.5078056951322127
 0.6128054206002204
 474.8503469798958
 0.6214666013583277
 0.6232109594362554
 474.8804064794458
 474.9147557210611
 475.01097831857584
 0.5031275925229848
 474.8661705737196
 0.5767529921648453
 474.9233016860045
 0.6247096452885442
 0.6241558306227708
 0.6152936430537285
 0.47179978782552734
 0.5827677890853186
 0.5483797106468112
 474.8834673666153
 0.625601284406771
 474.9094406732682
 0.5969073269460522
 474.89197711627946
 0.5844274543996484
 0.5570092067483581
 0.5243012870963486
 0.5707480637391313
 0.6129790718703134
 474.9101828450037
 0.53869467746477
 0.5958206176073404
 474.81108065995136
 0.5671534966015204
 474.86973689163335
 474.962769895937
 474.8639519954216
 0.5412512135939969
 0.5566512994693932
 0.6927089370819889
 0.5820781254461465
 474.89542464187895
 0.5970568282257016
 0.5413669778082195
 0.5372514737850923
 474.9330063382228
 0.6144779420329401
 474.87894248412397
 0.6587915848718872
 0.6262881455637821
 0.5549608469428403
 0.5673571771041148
 0.644332204420264
 0.5964132820907366
 474.91885192075574
 474.82817349977626
 474.91770939673575
 474.8853898977927
 474.8942943774132
 0.5335932713485321
 0.6516678314522939
 0.5821339766253172
 0.5795787044568996
 0.6594069081580141
 0.6829310978227322
 0.6355262756342887
 0.5690392879890452
 0.5185472614336646
 0.6126501562566954
 0.5518049172508542
 0.605294943424272
 0.5977992174502029
 0.598653342158108
 0.5702650607037396
 0.6071979042277375
 0.6795202228669828
 0.6070232705225301
 0.5822125930569976
 0.6011704381015982
 0.579742928956517
 0.6273022712778572
 0.6061253382477552
 0.6294184879952495
 0.5883916084502383
 0.5579651636051427
 0.5702616007200119
 0.5343998663873071
 0.5427810325514991
 0.6076068009344017
 0.5653675090040621
 0.6145453704878874
 0.6018522092904804
 0.5941435392317993
 0.5703703285617768
 0.5359704682395857
 0.5792823410252582
 0.5717835784342266
 0.6249573181653847
 0.51906806178585
 0.6623748010116475
 0.5995127998163698
 0.562397686888752
 0.619386997737644
 0.6000762195324687
 0.5199644162783961
 0.5905488186394559
 0.641768128587984
 0.602537639040675
 0.6374583305164204
 0.6035074047007684
 0.6283555675998459
 0.6226932746675011
 0.5945776304639707
 0.5719005896326428
 0.6384370615319189
 0.5907529366107624
 0.6225193274955271
 0.5965077597350019
 0.5565546799943442
 0.5545611881019185
 0.560591956831722
 0.6085625510309273
 0.5266040832516878
 0.578802429353883
 0.6710489518008302
 0.5962936007381723
 0.5582863656585333
 0.6136743148141727
 0.5970489193505615
 0.5577603166311949
 0.6195465772039979
 0.671254119175373
 0.5338878280019329
 0.6548907067852042
 0.5924856163242019
 0.6008176604962258
 0.5748834995100763
 0.6020649045309658
 0.5875501446538661
 0.6001874102119786
 0.5209479510357828
 0.5340661910507829
 0.6176761100213224
 0.6241596287566672
 0.5211682087592248
 0.6249237694455555
 0.6104039565400665
 0.5746576134859638
 0.6046183490775247
 0.5901002519244885
 0.6023722019499703
 0.5316079255033516
 0.5776333725792082
 0.6316290030248204
 0.6403343745695657
 0.5886777146923547
 0.5730284480537896
 0.6288699450091726
 0.6104830403578068
 0.5563003393104237
 0.5276848910589937
 0.6248163970299714
 0.5165434968141758
 0.5928664130568507
 0.6904426787044706
 0.5661265676327153
 0.5738637043510021
 0.5860164907318542
 0.590469087052828
 0.590113497453787
 0.5937751854785127
 0.6057672602076322
 0.5778337683403924
 0.6044534585590857
 0.6006207755935433
 0.5984018917708069
 0.5938407800656355
 0.6052346297514136
 0.6329460712775757
 0.6182464318986977
 0.6157941033845213
 0.5876131217327798
 0.6628702893285621
 0.5911445575089715
 0.5517493111554626
 0.5872443638567004
 0.5396753614625155
 0.5529598121415747
 0.6721585622625814
 0.5995511332552937
 0.6347079107091023
 0.5770596748826894
 0.6346052640089695
 0.5713414591040945
 0.6103818872752844
 0.589877356287624
 0.6450154125435915
 0.5842696572634138
 0.5197704399208976
 0.5357283325848017
 0.5897393096334428
 0.6247984906505777
 0.525396612301958
 0.589641025281062
 0.5515954525597705
 0.601882226857097
 0.6206546697719987
 0.5013970801859422
 0.6481138872269254
 0.5618227533770812
 0.6597470893290808
 0.5805254028200381
 0.5805139135218258
 0.583388567255329
 0.5947811426380956
 0.53793407511626
 0.5901884572611266
 0.5590906330122638
 0.5821119934590268
 0.6244280692793048
 0.5672702541425891
 0.6087637330841443
 0.661697112912093
 0.5592729949858803
 0.5891435500821849
 0.6779473735653077
 0.6075456153670842
 0.5186031320779081
 0.6497476065615034
 0.5958330323273149
 0.5876158797549306
 0.5432803146350224
 0.6209173092408905
 0.6277720478605873
 0.5783149407112808
 0.6109568249343167
 0.6462334986851017
 0.5812940468683387
 0.598775226221749
 0.6349593331705266
 0.5538132006580159
 0.5728756000969506
 0.543573931932332
 0.618758167136636
 0.4993091587022189
 0.5605091129795131
 0.5777811751388507
 0.5322867106182545
 0.5972421193696873
 0.5934728914849522
 0.5864307900652082
 0.569369624114094
 0.6442807404712626
 0.5903667718130277
 0.6231722697630417
 0.5880414704724904
 0.6331407216154581
 0.5161052327981267
 0.5631923309985495
 0.590559165964375
 0.6229890159874438
 0.6126422499817442
 0.5577217243390267
 0.5746051516740871
 0.5481229572240257
 0.6072428524959299
 0.5312448268951763
 0.5194993721021628
 0.5116356553554435
 0.5109813676154639
 0.5579802564424269
 0.5799101631439724
 0.6519630723722087
 0.5435890474421257
 0.568602486512699
 0.6113920811992918
 0.6216886040318857
 0.5268178548811456
 0.6476591884402375
 0.4899760021441141
 0.5303486074420259
 0.5703959054776873
 0.5899319127032318
 0.5914602283108993
 0.6916867402995854
 0.512254906177275
 0.630283662432028
 0.6721119952357678
 0.6104781286728482
 0.6128015244758249
 0.5427587764324091
 0.6158792382061022
 0.5994095682219498
 0.5414333362344871
 0.5501214212981617
 0.6023384106347863
 0.6253295918768149
 0.6364685197447627
 0.5553652494680158
 0.6226420508273851
 0.594789296872309
 0.6066144029582307
 0.6157485486002268
 0.513443346359321
 0.6329374116686072
 0.5357582706872367
 0.5726802972344995
 0.6066631941536357
 0.6230843029296377
 0.6248913436209185
 0.6043687201737805
 0.5496285120015221
 0.5873770759568537
 0.6326871851519524
 0.6145993498063341
 0.6128706241704176
 0.5384322669861589
 0.672670005136343
 0.5549653442177527
 0.6068995625974145
 0.5939828438931386
 0.6026554947053623
 0.5970208326482267
 0.5418630972474691
 0.5492371136805224
 0.5936281458748768
 0.618879888456277
 0.6278675961996887
 0.5714101662332798
 0.5488933890236953
 0.6456698443919626
 0.6040850182080869
 0.6245129880489328
 0.635716014950929
 0.603313882069022
 0.5578911133506045
 0.6079646286925847
 0.615393237540707
 0.5298673277363904
 0.5801840182931838
 0.6353146802848274
 0.5705197875383613
 0.6099361480929602
 0.594872448572314
 0.5926629195736512
 0.5943277798677832
 0.6341685768903946
 0.6644620904313223
 0.5721920262813931
 0.6233314840368711
 0.6303360949908869
 0.6337692352996644
 0.673783938849712
 0.6212587303755083
 0.569247349254587
 0.6108526134471736
 0.622746725828186
 0.5773017365477896
 0.6050508988587221
 0.6222081185789551
 0.5834603491022804
 0.5516160202439189
 0.6416567001793733
 0.5722724452860084
 0.6203983600123646
 0.47775387634888195
 0.6092649483546339
 0.5870683008462576
 0.6216507271389349
 0.5198567134531272
 0.6049128362232208
 0.6386162895628634
 0.5628237824833354
 0.5516570174760678
 0.5704699088942202
 0.5755904853531947
 0.5984102731167549
 0.5549133523894925
 0.6213806613324856
 0.5963336315151038
 0.6270371325293504
 0.567082144589057
 0.5401603768158862
 0.5489819849903095
 0.5695802716994319
 0.5975096677586053
 0.5686524956617725
 0.5619195216605897
 0.5618937555125086
 0.5346988999147739
 0.6516803716999049
 0.5179193144504287
 0.6236698738631901
 0.5405669207844845
 0.568314236229769
 0.6182019443238457
 0.6124852758578976
 0.5439463227664575
 0.6315379660081518
 0.6882138084360256
 0.6335079402525285
 0.622313119897311
 0.6433333729372679
 0.6233026318348043
 0.6044426305226186
 0.6259427660915319
 0.6156772637226405
 0.6140958478244567
 0.6697088117180433
 0.6100513256974315
 0.5708536836272456
 0.6242021340946907
 0.5607539309525365
 0.5781763989679594
 0.5811357300922984
 0.6130716496731142
 0.5454123257089655
 0.4929074522220115
 0.5583073873449134
 0.6083864873568847
 0.6479803441533777
 0.5906026649092955
 0.622280962381954
 0.6475170927607173
 0.5913565903817909
 0.6445367128536365
 0.5692205784399198
 0.6653075787557455
 0.6080989263168008
 0.5064931833802278
 0.6366109667922321
 0.5661012198192357
 0.6543385041318535
 0.5609313402095895
 0.6412346534442623
 0.5098741593288162
 0.5880325171722344
 0.6045010452384441
 0.6985592453930198
 0.5835683342273574
 0.62359349514676
 0.6121405866260267
 0.6256370556343265
 0.538950226976463
 0.640587979670301
 0.4930264798871634
 0.5956526581204311
 0.5585690869019703
 0.595665689256713
 0.5592686409329601
 0.6318601083051868
 0.5391142212690229
 0.5839730472563247
 0.6191273262600241
 0.5874636870323017
 0.6239991866860465
 0.5580216806910907
 0.5955213923575007
 0.6721404911484106
 0.5230776161733688
 0.5953050490624212
 0.5146194576984747
 0.6087976723786233
 0.49534246649516145
 0.5548702106741503
 0.5646369594490492
 0.5908137172810106
 0.6409238626410986
 0.5839665274854793
 0.5538189290493245
 0.5640400287821401
 0.586565381436067
 0.5150880517740621
 0.5648249516034898
 0.49482137073737886
 0.50476320572667
 0.5713496687476198
 0.51380513765117
 0.5446424790247496
 0.509003908306348
 0.4913152461116477
 0.5328601499040106
 0.5423376715998972
 0.5542373426052246
 0.5369579920785524
 0.5346253517723836
 0.5815058239847181
 0.5361359202055942
 0.5096071279273693
 0.48275252190619083
 0.5847241636659718
 0.497535757641815
 0.5263704687932598
 0.5324443845470782
 0.4997765794502268
 0.44891903718097925
 0.45426521078370335
 0.4243664492081323
 0.4559369521150164
 0.5263042716163161
 0.4761837081489407
 0.474892461342954
 0.4355546033615784
 0.3959207248571278
 0.41932753475773593
 0.4372317913926587
 0.4119117144505473
 0.46120135145283253
 0.4147132109480965
 0.44719532829751635
 0.404408002516169
 0.406410442621405
 0.4312986046665748
 0.43162925046435163
 0.3339104781020128
 0.35771613732440916
 0.40427514426157324
 0.40716505053503493
 0.3901646789682607
 0.37379070154218696
 0.39521001409425205
 0.4289985248373276
 0.42808766312055896
 0.3747157748010735
 0.3723521937166114
 0.3171223437366972
 0.3397223759995119
 0.33590781601832415
 0.3642060772330323
 0.31229732832398355
 0.33703406087902
 0.34515654430618203
 0.31395753810888993
 0.34014402834438445
 0.27968011909528356
 0.2783369018616099
 0.3110710469166242
 0.29265512090449536
 0.2789315806552662
 0.2794349824359377
 0.26980459774197996
 0.265552325680988
 0.29223102894732184
 0.2710748430456077
 0.26949628249527774
 0.2694204023518311
 0.2578434457637811
 0.2666167380903384
 0.2686119580668244
 0.25207428938500687
 0.2614758425701386
 0.2491920285425205
 0.25495298993194015
 0.27381456067624244
 0.2660509820598829
 0.2744262768303716
 0.2569145027578702
 0.259038588644735
 0.2521538518129179
 0.24689496796644153
 0.25487902019233183
 0.2502906984902835
 0.24671946402574882
 0.2581917682854837
 0.25025639450096804
 0.2503969762129914
 0.24318336021064485
 0.24788108450907198
 0.24930933663961075
 0.2466384597397954
 0.2469905727654996
 0.25115521691875664
 0.2598328861976888
 0.24763240983954452
 0.24757141013116926
 0.24509944632406788
 0.24513113269459613
 0.24653010610426782
 0.24635780130338553
 0.2478981095379393
 0.24511469283646795
 0.24546239219723445
 0.24728703910661207
 0.24964200836019415
 0.24145289686869667
 0.24313403737363845
 0.24315607030716332
 0.24310810046320144
 0.24310810046320144
 0.24310810046320144
 0.24318061081508205
 0.24313403737363845
 0.24145289686869667
 0.2414774373766154
 0.24137146849708999
 0.24309082681142596
 0.24129895814520938
 0.23959578470674273
 0.23966829505862333
 0.23959578470674273
 0.23966829505862333
 0.23959578470674273
 0.23959578470674273
 0.23959578470674273
 0.23966829505862333
 0.23966829505862333
 0.23966829505862333
 0.23966829505862333
 0.23959578470674273
 0.23959578470674273
 0.23966829505862333
 0.23966829505862333
 0.23959578470674273
 0.23959578470674273
 0.23966829505862333
 0.23959578470674273
 0.23966829505862333
 0.23966829505862333
 0.23966829505862333
 0.23966829505862333
 0.23959578470674273
 0.23959578470674273
 0.23966829505862333
 0.23959578470674273
 0.23966829505862333
 0.23959578470674273
 0.23959578470674273
 0.23959578470674273
 0.23959578470674273
 0.23959578470674273
 0.23959578470674273
 0.23959578470674273
 0.23959578470674273
 0.23966829505862333
 0.23966829505862333
 0.23959578470674273
 0.23966829505862333
 0.23966829505862333
 0.23959578470674273
 0.23959578470674273
 0.23966829505862333
 0.23959578470674273
 0.23966829505862333
 0.23959578470674273
 0.23959578470674273
 0.23959578470674273
 0.23959578470674273
 0.23959578470674273
 0.23966829505862333
 0.23966829505862333
 0.23966829505862333
 0.23966829505862333
 0.23966829505862333
 0.23966829505862333
 0.23966829505862333
 0.23966829505862333
 0.23959578470674273
 0.23959578470674273
 0.23966829505862333
 0.23966829505862333
 0.23966829505862333
 0.23959578470674273
 0.23966829505862333
 0.23966829505862333
 0.23959578470674273
 0.23966829505862333
 0.23959578470674273
 0.23959578470674273
 0.23959578470674273
 0.23959578470674273
 0.23959578470674273
 0.23959578470674273
 0.23959578470674273
 0.23959578470674273
 0.23966829505862333
 0.23959578470674273
 0.23966829505862333
 0.23959578470674273
 0.23966829505862333
 0.23966829505862333
 0.23966829505862333
 0.23966829505862333
 0.23959578470674273
 0.23959578470674273
 0.23959578470674273
 0.23966829505862333
 0.23966829505862333
 0.23966829505862333
 0.23966829505862333
 0.23959578470674273
 0.23959578470674273
 0.23966829505862333
 0.23966829505862333
 0.23959578470674273
 0.23959578470674273
 0.23959578470674273
 0.23966829505862333
 0.23966829505862333
 0.23966829505862333
 0.23966829505862333
 0.23959578470674273
 0.23966829505862333
 0.23959578470674273
 0.23966829505862333
 0.23959578470674273
 0.23959578470674273
 0.23959578470674273
 0.23959578470674273
 0.23959578470674273
 0.23966829505862333
 0.23966829505862333
 0.23966829505862333
 0.23959578470674273
 0.23959578470674273
 0.23959578470674273
 0.23959578470674273
 0.23966829505862333
 0.23959578470674273
 0.23966829505862333
 0.23966829505862333
 0.23966829505862333
 0.23966829505862333
 0.23959578470674273
 0.23959578470674273
 0.23959578470674273
 0.23959578470674273
 0.23959578470674273
 0.23959578470674273
 0.23959578470674273
 0.23959578470674273
 0.23959578470674273
 0.23959578470674273
 0.23959578470674273
 0.23959578470674273
 0.23959578470674273
 0.23959578470674273
 0.23959578470674273
 0.23959578470674273
 0.23959578470674273
 0.23959578470674273
 0.23959578470674273
 0.23959578470674273
 0.23959578470674273
 0.23959578470674273
 0.23959578470674273
 0.23959578470674273
 0.23959578470674273
 0.23959578470674273
 0.23959578470674273
 0.23959578470674273
 0.23959578470674273
 0.23959578470674273
 0.23959578470674273
 0.23959578470674273
 0.23959578470674273
 0.23959578470674273
 0.23959578470674273
 0.23959578470674273
 0.23959578470674273
 0.23959578470674273
 0.23959578470674273
 0.23959578470674273
 0.23959578470674273
